gamma_i = 8.84*60
gamma_j = 8.84*60
dg_i = 0.18*60
dg_j = 0.18*60
K_i = 100
K_j = 5
m_t = 100
d_t = 100
Di_t = 30
Dj_t = 30
ui = 0.0 0.000023
uj = 0.0 0.000023
dG = 0.0196*60